// OPERATOR 
OPERATOR_PRIVATE_KEY=302e020100300506032b657004220420a8b81fdd787641f27dcf00343072395234ac981dd356fd6cd77abf489fcf8b30
OPERATOR_ACCOUNT_ID=0.0.4001349

// RECEIVER
RECEIVER_PRIVATE_KEY=302e020100300506032b6570042204200311b76c3698a6bc7794ca1f8cf00d8b696179d149f39892f02f2746fe6d697a
RECEIVER_ACCOUNT_ID=0.0.4004294